Base	G	A	T	C
1	16.0	29.360000000000003	31.28	23.36
2	20.64	32.48	28.360000000000003	18.52
3	15.28	32.0	32.68	20.04
4	15.72	31.080000000000002	34.92	18.279999999999998
5	18.240000000000002	32.64	32.64	16.48
6	17.560000000000002	32.56	31.4	18.48
7	17.599999999999998	31.16	34.599999999999994	16.64
8	17.04	29.759999999999998	34.28	18.92
9	18.48	30.72	34.04	16.76
10	19.439999999999998	31.04	31.72	17.8
11	16.96	31.72	33.2	18.12
12	17.16	30.36	34.28	18.2
13	18.92	30.520000000000003	30.48	20.080000000000002
14	17.2	33.12	32.4	17.28
15	19.08	30.84	31.28	18.8
16	18.2	32.24	30.880000000000003	18.68
17	18.4	30.84	31.759999999999998	19.0
18	18.68	31.919999999999998	30.919999999999998	18.48
19	19.72	31.52	29.520000000000003	19.24
20	19.28	31.04	30.8	18.88
21	18.4	31.6	31.8	18.2
22	19.28	30.72	32.12	17.88
23	17.32	33.239999999999995	32.24	17.2
24	19.56	30.680000000000003	31.56	18.2
25	18.759999999999998	31.04	32.68	17.52
26	17.72	32.440000000000005	32.440000000000005	17.4
27	19.759999999999998	31.0	31.680000000000003	17.560000000000002
28	18.68	30.84	32.96	17.52
29	19.28	31.96	31.080000000000002	17.68
30	19.400000000000002	31.879999999999995	30.56	18.16
31	20.119999999999997	30.240000000000002	32.76	16.88
32	19.8	32.6	30.599999999999998	17.0
33	17.96	32.6	31.2	18.240000000000002
34	18.759999999999998	30.520000000000003	32.48	18.240000000000002
35	18.6	32.4	31.319999999999997	17.68
36	17.560000000000002	31.6	33.28	17.560000000000002
37	17.24	30.4	33.800000000000004	18.56
38	18.56	32.4	32.08	16.96
39	17.76	32.56	31.96	17.72
40	20.119999999999997	30.84	30.919999999999998	18.12
41	17.24	30.320000000000004	32.800000000000004	19.64
42	17.96	31.119999999999997	32.12	18.8
43	17.0	31.240000000000002	33.08	18.68
44	17.64	29.84	34.0	18.52
45	18.16	31.64	32.48	17.72
46	18.72	30.12	33.56	17.599999999999998
47	17.84	32.64	32.68	16.84
48	18.8	31.8	32.08	17.32
49	18.240000000000002	30.880000000000003	33.12	17.76
50	17.96	32.48	31.56	18.0
51	19.400000000000002	30.56	31.2	18.84
52	17.96	32.68	29.599999999999998	19.759999999999998
53	17.64	32.800000000000004	33.36	16.2
54	19.400000000000002	30.48	33.4	16.72
55	17.96	31.36	31.52	19.16
56	17.72	31.319999999999997	33.44	17.52
57	19.919999999999998	30.28	32.36	17.44
58	17.8	31.2	32.4	18.6
59	18.64	30.44	33.12	17.8
60	19.28	31.52	30.759999999999998	18.44
61	19.439999999999998	30.4	33.48	16.68
62	19.040000000000003	31.44	31.72	17.8
63	19.2	32.08	30.520000000000003	18.2
64	19.919999999999998	30.159999999999997	30.520000000000003	19.400000000000002
65	17.8	32.4	32.519999999999996	17.28
66	18.32	31.759999999999998	33.44	16.48
67	19.439999999999998	31.2	32.800000000000004	16.56
68	18.4	30.599999999999998	32.519999999999996	18.48
69	19.8	31.2	31.480000000000004	17.52
70	19.16	29.880000000000003	33.2	17.76
71	18.96	31.64	33.239999999999995	16.16
72	18.92	33.44	31.0	16.64
73	18.64	31.6	31.879999999999995	17.88
74	19.48	30.680000000000003	31.72	18.12
75	18.8	29.92	33.36	17.919999999999998
