Base	G	A	T	C
1	18.57008237833237	27.801927227406754	25.91725689272578	27.710733501535096
2	25.092643217301504	28.376161837069436	25.78822671769637	20.74296822793269
3	22.115910333515583	26.802745884211166	27.048781969503676	24.032561812769575
4	22.42877103456655	25.341716785128487	27.677540854140087	24.551971326164875
5	24.333272583682643	25.934025879351193	27.09130672498633	22.641394811979833
6	23.370390620253932	25.53004070226596	26.32282364376405	24.776745033716054
7	24.32112265354474	25.660652451248406	27.042707004434725	22.975517890772128
8	22.936030617823945	25.782151752627424	26.83919567462487	24.44262195492376
9	23.71362614664966	25.429803778628273	26.732883785918233	24.12368628880384
10	23.561752019925887	26.06767511086811	25.991738047506225	24.378834821699773
11	23.16080432537513	25.791264200230852	26.5263349735739	24.52159650082012
12	23.528339712046655	25.657614968713933	26.450397910212015	24.363647409027397
13	23.81082558775287	25.694064759127635	26.884757912642005	23.61035174047749
14	23.67717635623595	26.21954923759188	26.216511755057407	23.886762651114758
15	23.23977887127149	26.246886580402162	26.483810218091246	24.029524330235102
16	23.409877893202115	25.84290140331693	26.10716238381629	24.64005831966466
17	23.303566004495472	25.80341413036875	26.556709798918654	24.33631006621712
18	23.514400291651476	25.735204763640784	26.042046421193344	24.708348523514402
19	23.488852439098476	25.50574084199016	26.52937245610838	24.47603426280299
20	23.689326286373856	25.73051454954134	26.207399307453983	24.372759856630825
21	23.953587266873217	25.618127695765747	25.979588117368323	24.44869691999271
22	23.795638175080494	25.672802381386305	25.973513152299375	24.558046291233826
23	23.865500273373428	25.885426158799586	25.85505133345483	24.394022234372155
24	24.05686167304538	25.208067553611567	25.858088815989312	24.876981957353745
25	23.756150902132312	25.551303080007294	26.170949517040277	24.52159650082012
26	24.278597898062085	25.083530769698076	26.20436182491951	24.433509507320334
27	23.78956321001154	25.18073021080129	26.155762104367902	24.87394447481927
28	24.04471174290748	25.6363525909726	25.84290140331693	24.47603426280299
29	24.281635380596562	25.320454407387157	25.70317720673106	24.69473300528522
30	24.132798736407267	25.420691331024848	25.65154000364498	24.794969928922907
31	24.48210922787194	25.593827835489947	25.43587874369722	24.48818419294089
32	24.281635380596562	25.4389162262317	25.76088937488609	24.518559018285647
33	24.160136079217544	25.326529372456108	25.80341413036875	24.709920417957594
34	24.372759856630825	25.201992588542616	25.927950914282246	24.497296640544317
35	24.354534961423973	25.223254966283942	25.66368993378288	24.758520138509205
36	24.178360974424397	25.496628394386732	25.87023874612721	24.45477188506166
37	24.378834821699773	25.40550391835247	25.566490492679666	24.64917076726809
38	24.251260555251807	25.387279023145616	26.019075390316505	24.34238503128607
39	24.390984751837678	25.22629244881842	25.618127695765747	24.764595103578156
40	23.87765020351133	25.17161776319786	25.940100844420144	25.010631188870665
41	24.20873579976915	25.26274223923212	25.323491889921634	25.20503007107709
42	24.451734402527187	25.168580280663388	25.751776927282666	24.62790838952676
43	23.68628880383938	25.441953708766174	26.20436182491951	24.66739566247494
44	24.39705971690663	24.98025636352591	25.56952797521414	25.05315594435332
45	24.539821396026973	25.326529372456108	25.299192029645827	24.83445720187109
46	24.147986149079642	25.001518741267237	25.84290140331693	25.00759370633619
47	24.518559018285647	25.6363525909726	25.457141121438553	24.3879472693032
48	24.354534961423973	24.995443776198286	26.073750075937063	24.576271186440678
49	24.065974120648807	25.177692728266816	25.89757608893749	24.858757062146893
50	24.378834821699773	25.09871818237045	25.848976368385884	24.673470627543892
51	24.302897758337892	25.025818601543044	25.672802381386305	24.998481258732763
